560   474
672   584
704   360
826   514
568   448
678   560
718   334
836   496
622   480
728   600
778   382
888   548
616   476
720   594
772   376
882   544
620   422
698   268
736   566
860   388
570   410
644   256
692   554
816   366
602   484
668   324
732   618
838   426
636   414
712   266
756   562
872   380
632   486
700   328
760   622
872   432
624   472
696   314
748   612
866   428
636   476
710   318
758   618
874   432
576   434
654   284
694   584
820   402
576   436
654   284
692   584
818   400
580   434
654   284
696   584
818   402
580   432
654   288
694   582
818   400
576   432
654   284
694   582
820   402
576   434
654   284
696   584
818   402
576   434
654   284
696   582
816   400
576   434
654   284
696   584
818   402
576   434
654   284
696   582
818   402
576   434
654   286
696   580
820   402
676   458
780   256
858   550
916   384
678   456
778   256
862   550
918   390
722   296
846   484
898   242
1010   370
722   292
848   484
900   240
1010   370
724   292
844   482
902   242
1010   370
724   292
844   484
902   244
1010   370
724   294
848   482
904   244
1012   368
726   296
846   482
902   240
1012   370
468   364
620   230
620   230
694   378
