456   496
566   608
728   544
936   678
454   460
560   570
604   346
724   508
508   494
610   614
668   394
776   566
512   496
614   618
670   394
780   570
480   434
562   286
592   586
726   404
432   424
502   274
544   568
672   386
454   496
520   340
582   634
694   444
496   434
574   288
606   582
740   398
486   498
556   348
610   642
728   450
550   330
596   628
722   438
904   634
494   488
566   336
734   448
914   634
434   450
512   304
548   602
678   420
434   450
512   304
544   598
676   416
430   452
514   304
546   598
678   420
434   448
514   304
548   602
678   418
434   450
510   304
548   596
678   420
434   448
514   302
544   598
678   420
432   450
512   306
548   596
678   420
436   448
510   304
542   598
678   420
434   450
512   302
542   598
678   420
434   448
514   304
544   596
678   420
512   472
620   274
700   572
756   406
510   476
620   272
698   570
758   406
568   314
684   506
750   256
866   390
568   314
686   502
750   254
866   390
568   314
684   506
748   258
866   388
568   316
686   502
752   258
866   390
568   316
684   506
750   258
870   390
568   316
692   510
752   256
866   392
364   384
480   520
512   252
512   254
