560   474
672   584
704   360
826   514
568   448
678   560
718   334
836   496
622   480
728   600
778   382
888   548
616   476
720   594
772   376
882   544
620   422
698   268
736   566
860   388
570   410
644   256
692   554
816   366
602   484
668   324
732   618
838   426
636   414
712   266
756   562
872   380
632   486
700   328
760   622
872   432
624   472
696   314
748   612
866   428
636   476
710   318
758   618
874   432
576   434
654   284
694   584
820   402
576   436
654   284
692   584
818   400
580   434
654   284
696   584
818   402
580   432
654   288
694   582
818   400
576   432
654   284
694   582
820   402
576   434
654   284
696   584
818   402
576   434
654   284
696   582
816   400
576   434
654   284
696   584
818   402
576   434
654   284
696   582
818   402
576   434
654   286
696   580
820   402
676   458
780   256
858   550
916   384
678   456
778   256
862   550
918   390
620   48
878   542
1060   474
1088   362
530   258
648   454
716   212
820   348
568   276
690   470
752   228
860   364
564   272
676   468
748   224
852   362
562   272
678   468
748   226
856   358
564   204
644   410
752   186
834   334
1122   624
556   198
636   410
746   182
830   334
534   184
614   394
726   168
808   318
534   186
620   394
724   170
812   320
546   190
626   402
734   176
822   326
558   204
650   412
750   184
836   334
574   212
660   420
762   192
850   342
590   220
678   428
778   198
868   348
566   202
652   414
754   186
844   334
544   188
626   398
732   170
818   322
530   176
612   392
720   162
806   314
554   202
636   404
742   178
826   330
1144   612
596   222
682   428
784   204
872   348
1186   624
576   212
664   420
762   190
852   336
1162   620
550   196
632   402
736   174
822   324
512   566
518   174
600   384
708   158
790   310
528   184
612   396
718   170
800   318
554   204
642   414
742   184
834   332
576   216
666   426
762   194
852   342
1170   616
588   226
682   430
780   202
870   346
556   194
624   410
748   190
818   348
554   192
624   410
744   190
822   344
554   198
626   408
744   188
818   342
556   194
622   408
746   190
820   346
550   188
616   404
740   184
808   344
488   130
512   566
542   352
676   140
746   300
502   150
558   368
694   156
760   314
1030   642
538   180
594   400
728   190
796   346
1066   666
566   208
634   428
760   206
832   364
594   234
668   448
784   222
864   376
594   234
668   444
784   220
864   374
592   228
668   444
784   222
858   376
588   224
664   442
778   216
856   372
1108   666
566   206
640   420
756   202
834   358
1084   658
574   216
646   426
764   208
838   362
574   212
648   430
764   208
838   362
574   216
646   426
760   206
838   362
574   216
646   430
764   206
840   362
574   214
644   428
764   208
840   360
572   218
644   428
766   210
842   362
572   214
646   428
764   206
838   362
574   216
648   430
762   206
840   362
574   216
644   428
764   208
840   362
572   214
646   426
764   206
842   362
572   216
644   428
764   206
836   362
572   214
646   432
762   206
842   360
576   216
646   428
764   208
842   360
572   214
646   428
764   208
838   364
574   212
646   430
764   206
838   362
574   212
646   426
764   206
844   360
570   216
646   426
764   208
842   360
572   216
648   434
762   208
842   358
652   282
768   470
834   232
942   368
718   306
832   504
898   262
1002   394
722   294
846   482
904   240
1008   370
724   292
848   482
900   238
1008   368
724   294
846   484
902   242
1010   370
726   294
846   482
902   240
1010   370
724   294
846   484
900   238
1010   370
724   294
846   482
902   244
1010   368
722   296
844   484
900   240
1010   370
722   294
846   482
902   242
1012   372
724   294
846   482
900   238
1012   368
724   294
844   482
900   238
1010   370
724   294
846   482
900   238
1010   370
722   294
846   482
904   244
1012   372
722   296
844   484
902   240
1008   370
724   294
848   484
902   242
1012   368
722   296
846   482
900   242
1010   370
722   296
846   480
900   238
1010   370
724   290
840   478
900   240
1008   372
710   280
828   474
888   232
998   364
700   280
814   476
882   240
986   372
686   274
794   464
868   230
968   366
666   260
778   456
846   220
950   356
650   256
752   454
832   218
932   358
622   244
726   442
802   204
906   346
610   234
716   436
798   200
894   340
640   248
742   446
824   214
920   352
654   260
758   456
838   220
940   360
662   262
768   456
844   224
944   364
584   222
686   424
772   188
866   330
584   222
686   422
770   190
870   330
584   222
684   422
768   190
866   328
584   222
688   428
770   192
868   330
584   224
684   424
770   192
864   330
584   222
686   424
766   188
868   332
586   222
688   424
772   188
868   332
584   222
684   424
770   188
868   330
560   216
656   418
744   188
840   330
558   216
658   418
746   188
842   330
560   218
656   418
744   184
840   330
558   216
658   420
744   188
840   330
558   216
656   418
750   188
844   328
558   218
658   420
746   186
840   330
560   218
748   188
840   330
1130   800
560   216
656   420
746   186
840   330
560   216
658   416
744   186
842   332
560   216
656   418
746   184
842   328
560   214
656   420
744   186
840   328
558   216
656   420
750   188
840   328
558   216
656   416
750   186
840   330
560   218
656   418
744   184
840   326
724   304
868   472
892   226
1016   338
724   300
868   472
892   224
1014   340
724   300
864   470
890   224
1016   338
724   300
864   472
892   226
1014   338
722   300
866   474
890   226
1020   340
722   302
866   474
892   228
1014   338
724   300
866   474
894   228
1018   344
722   302
864   470
894   226
1012   336
530   450
578   228
732   490
746   316
528   444
578   228
738   490
744   318
530   450
578   228
732   490
746   316
528   448
576   226
732   490
746   316
528   446
582   226
738   490
746   316
528   446
578   230
732   490
746   316
528   442
580   224
734   490
746   316
526   450
574   226
736   490
748   318
526   450
582   226
732   490
750   318
528   442
578   226
734   492
746   316
528   444
578   230
736   490
746   316
530   450
580   228
734   490
746   316
528   446
578   228
732   490
746   316
526   444
582   226
738   488
746   316
530   450
576   226
732   490
746   318
528   448
578   224
734   488
746   318
526   448
578   228
734   490
746   318
530   450
576   226
738   490
746   318
528   444
580   228
738   490
746   318
526   448
576   224
734   490
746   318
530   448
580   228
738   490
746   318
526   444
582   224
734   490
746   318
530   450
578   226
732   490
746   316
526   450
576   228
734   490
746   318
526   446
580   228
734   490
746   318
530   450
578   226
738   490
746   318
526   444
580   228
732   494
746   318
526   448
578   224
734   492
750   320
526   444
578   226
732   494
746   318
530   450
576   226
734   492
746   316
526   444
580   228
734   492
746   318
530   450
580   224
736   490
746   316
530   450
578   226
738   490
746   318
530   448
580   230
734   492
746   318
530   450
580   228
732   494
746   318
528   442
582   224
734   490
748   316
526   450
578   228
734   490
746   318
528   448
578   224
738   490
746   316
530   450
578   224
734   492
746   318
526   444
578   226
738   490
746   318
528   448
578   226
736   490
746   318
526   446
578   226
734   490
746   318
528   448
578   224
734   490
746   318
526   444
578   224
734   492
746   316
526   444
578   226
734   488
746   316
528   440
580   228
732   490
746   318
526   450
576   228
732   494
746   316
526   444
578   224
732   490
746   318
530   450
582   224
736   490
746   318
526   444
580   228
734   490
748   320
526   446
578   224
732   494
746   320
526   444
582   224
734   490
746   318
526   444
578   226
732   490
746   316
526   444
580   228
732   490
748   318
528   448
578   226
734   490
746   318
526   444
580   228
732   490
748   320
528   448
580   228
734   490
746   318
530   450
580   224
734   492
746   316
530   450
576   226
734   490
746   318
530   450
580   226
732   492
746   318
530   448
580   228
732   490
746   316
528   448
578   224
734   490
746   320
526   446
580   228
734   490
742   320
526   444
578   228
732   490
746   318
530   450
578   224
732   490
746   316
526   444
580   228
734   490
746   316
530   452
578   226
734   490
746   318
530   444
578   224
734   490
746   318
526   444
578   226
730   490
746   316
526   444
578   226
734   490
746   318
524   446
580   228
734   492
748   318
526   444
580   228
734   490
746   318
528   450
580   228
732   494
744   318
530   450
580   224
734   490
746   318
526   444
580   228
734   492
746   318
526   444
578   230
732   488
746   318
526   444
576   226
732   490
746   318
530   446
588   226
734   494
754   322
536   440
596   224
742   494
762   322
538   444
596   226
744   490
760   318
536   440
594   222
740   494
758   320
536   442
594   222
742   494
760   320
534   440
594   222
740   492
760   318
536   440
594   222
742   492
762   320
538   444
596   226
742   492
760   322
538   442
598   224
740   492
760   320
534   442
596   226
740   492
758   320
538   446
598   222
740   492
760   318
536   444
594   222
742   492
760   322
452   404
522   184
658   464
686   294
460   402
532   188
660   464
690   294
470   408
542   190
676   470
702   298
472   408
542   190
674   468
702   298
472   408
542   190
674   468
704   294
472   408
542   190
674   466
700   298
440   278
602   186
604   440
750   286
440   278
602   438
606   184
742   286
438   276
604   186
608   436
744   288
438   278
600   440
606   184
744   286
436   282
602   438
604   188
742   286
440   280
602   436
604   182
744   286
480   276
626   422
638   118
732   284
482   282
634   424
636   118
734   282
432   250
580   398
598   96
686   268
432   248
580   398
598   100
682   268
428   248
574   400
596   96
684   266
432   248
576   398
596   100
684   266
430   250
574   398
596   98
682   266
432   248
572   398
594   98
686   268
428   248
576   400
596   96
684   266
430   246
574   398
596   98
682   266
430   246
572   402
596   100
684   266
430   250
580   400
596   96
684   268
432   250
580   400
598   98
682   264
430   250
580   400
596   96
684   266
432   248
580   400
598   100
684   268
432   248
580   400
596   100
684   266
430   250
578   400
596   96
682   270
430   246
578   400
596   100
684   266
432   248
576   400
596   98
684   268
430   250
580   400
598   96
684   268
392   228
538   380
560   78
650   248
422   246
574   398
586   92
678   256
432   254
582   402
594   96
688   262
450   266
604   408
606   108
706   276
476   300
628   138
636   440
732   298
476   302
620   134
638   436
730   290
472   304
616   132
640   430
728   286
474   302
618   134
640   434
726   286
472   304
616   134
636   436
728   288
0   0
0   0
0   0
0   0
0   0
0   0
0   0
0   0
0   0
0   0
0   0
0   0
476   302
618   132
638   436
728   288
476   306
620   132
638   436
726   284
0   0
0   0
0   0
0   0
0   0
0   0
0   0
0   0
0   0
0   0
0   0
0   0
0   0
0   0
0   0
0   0
0   0
0   0
0   0
0   0
474   302
618   134
638   436
726   286
476   302
616   134
640   434
726   286
474   300
616   134
640   434
726   286
0   0
0   0
0   0
0   0
0   0
0   0
0   0
0   0
534   470
650   344
716   564
796   396
534   472
650   344
716   562
798   396
