456   496
566   608
728   544
936   678
454   460
560   570
604   346
724   508
508   494
610   614
668   394
776   566
512   496
614   618
670   394
780   570
480   434
562   286
592   586
726   404
432   424
502   274
544   568
672   386
454   496
520   340
582   634
694   444
496   434
574   288
606   582
740   398
486   498
556   348
610   642
728   450
550   330
596   628
722   438
904   634
494   488
566   336
734   448
914   634
434   450
512   304
548   602
678   420
434   450
512   304
544   598
676   416
430   452
514   304
546   598
678   420
434   448
514   304
548   602
678   418
434   450
510   304
548   596
678   420
434   448
514   302
544   598
678   420
432   450
512   306
548   596
678   420
436   448
510   304
542   598
678   420
434   450
512   302
542   598
678   420
434   448
514   304
544   596
678   420
512   472
620   274
700   572
756   406
510   476
620   272
698   570
758   406
518   42
762   564
848   838
962   496
374   280
556   234
660   368
850   842
414   298
592   250
704   378
1058   558
404   294
518   488
588   244
698   376
408   292
514   484
590   242
698   378
410   224
490   434
598   204
682   356
406   220
478   430
592   204
674   352
384   208
458   418
568   190
654   338
386   212
464   418
572   190
652   342
392   218
476   424
580   198
664   346
408   226
492   434
594   204
682   350
1062   660
420   234
504   442
606   212
694   364
434   244
520   452
624   218
712   368
414   230
494   436
602   204
686   354
392   216
468   422
576   192
664   338
380   208
458   412
562   186
646   334
400   224
480   428
588   198
672   348
440   248
530   452
630   218
722   366
422   236
506   442
610   208
700   356
396   220
478   426
582   194
668   346
370   202
406   586
444   408
556   180
640   332
374   210
454   418
564   192
646   338
404   230
486   438
588   202
674   352
420   244
512   448
608   216
700   358
436   252
528   454
624   220
718   366
402   220
464   432
590   210
664   366
402   218
464   430
592   208
666   364
402   218
466   432
590   208
662   364
402   218
468   430
590   208
660   364
398   214
458   426
586   208
658   360
340   164
390   378
404   586
528   166
590   322
352   178
402   392
540   176
604   334
384   208
436   422
572   208
638   364
414   232
474   446
602   224
672   384
1018   708
440   256
626   242
708   398
438   256
508   468
630   244
704   398
440   256
508   466
630   242
708   394
436   250
504   460
622   238
698   394
414   230
480   444
604   220
676   378
418   238
488   450
610   226
680   380
420   238
490   450
610   226
684   382
420   240
490   450
606   226
684   382
418   238
486   450
610   226
684   382
420   240
488   452
608   226
686   384
420   238
606   228
684   382
420   240
488   452
608   228
684   384
420   240
488   452
606   228
684   382
420   238
488   452
608   226
688   380
422   240
488   452
610   226
684   384
420   240
490   450
610   226
684   382
420   238
488   452
610   226
684   384
422   240
492   450
606   228
684   382
420   240
488   450
608   228
684   382
420   240
488   450
608   226
686   380
1120   92
424   238
488   450
610   226
684   382
420   238
486   450
610   226
686   380
420   240
488   448
608   224
684   378
492   302
604   496
676   250
790   384
558   326
672   526
744   278
854   418
568   316
688   504
750   258
866   388
568   316
686   506
750   258
868   390
568   316
692   510
750   258
868   390
568   316
686   506
750   258
870   390
568   314
684   506
750   258
868   390
568   316
690   510
750   260
866   390
566   316
686   506
750   258
866   384
568   314
686   502
750   258
866   390
564   316
688   510
748   258
868   390
568   314
684   506
752   256
868   386
568   314
684   506
750   258
868   390
568   316
686   502
750   258
868   390
568   314
686   506
752   256
866   390
568   314
692   510
750   254
866   390
566   314
688   510
752   256
866   392
568   312
692   508
752   258
868   386
568   312
688   506
752   256
864   390
556   306
668   494
740   250
852   388
542   302
656   500
728   254
840   390
532   294
638   488
716   248
822   382
508   284
620   484
698   240
802   376
492   278
592   474
678   234
780   378
466   266
568   462
652   224
756   366
460   258
558   456
644   220
742   362
482   272
582   470
668   228
768   374
496   280
598   474
684   238
786   378
504   282
606   480
692   242
794   380
430   246
528   448
616   210
712   352
432   246
526   444
616   208
714   350
432   246
524   444
616   208
712   348
430   244
530   444
614   208
714   348
434   244
524   444
616   210
714   350
430   244
526   448
616   210
712   348
432   246
528   442
616   210
712   348
432   248
530   444
616   208
712   348
406   242
502   442
590   206
688   350
408   238
502   440
590   204
690   346
406   242
502   442
590   204
686   346
408   238
502   442
590   204
688   350
408   240
500   446
590   204
688   350
406   238
502   442
592   208
686   350
408   240
502   442
594   204
688   350
406   242
502   442
590   204
688   350
406   242
502   442
590   206
684   348
406   242
590   204
684   348
1034   830
404   242
590   204
686   348
1034   830
408   240
590   204
688   348
1034   830
406   242
502   440
590   208
684   350
408   240
590   206
686   346
1034   830
562   324
714   498
740   244
872   358
566   322
708   496
742   240
876   358
562   324
710   496
740   244
870   358
564   324
708   494
742   244
874   358
566   324
714   498
740   244
872   354
566   324
710   494
740   244
870   358
564   322
708   494
740   242
872   356
566   324
712   498
740   242
872   356
530   450
578   228
732   490
746   316
528   444
578   228
738   490
744   318
530   450
578   228
732   490
746   316
528   448
576   226
732   490
746   316
528   446
582   226
738   490
746   316
528   446
578   230
732   490
746   316
528   442
580   224
734   490
746   316
526   450
574   226
736   490
748   318
526   450
582   226
732   490
750   318
528   442
578   226
734   492
746   316
528   444
578   230
736   490
746   316
530   450
580   228
734   490
746   316
528   446
578   228
732   490
746   316
526   444
582   226
738   488
746   316
530   450
576   226
732   490
746   318
528   448
578   224
734   488
746   318
526   448
578   228
734   490
746   318
530   450
576   226
738   490
746   318
528   444
580   228
738   490
746   318
526   448
576   224
734   490
746   318
530   448
580   228
738   490
746   318
526   444
582   224
734   490
746   318
530   450
578   226
732   490
746   316
526   450
576   228
734   490
746   318
526   446
580   228
734   490
746   318
530   450
578   226
738   490
746   318
526   444
580   228
732   494
746   318
526   448
578   224
734   492
750   320
526   444
578   226
732   494
746   318
530   450
576   226
734   492
746   316
526   444
580   228
734   492
746   318
530   450
580   224
736   490
746   316
530   450
578   226
738   490
746   318
530   448
580   230
734   492
746   318
530   450
580   228
732   494
746   318
372   466
426   250
574   510
590   338
374   464
426   250
570   508
592   340
372   470
426   250
574   512
588   338
372   464
428   250
572   510
590   340
374   464
428   248
574   510
588   340
376   466
424   252
574   510
588   338
372   464
426   250
574   510
590   340
372   466
428   248
576   510
592   340
374   464
428   248
572   510
588   340
374   464
426   250
574   510
588   338
372   464
424   252
570   508
590   340
370   468
426   250
574   510
588   338
374   464
426   250
572   510
592   340
372   464
422   252
572   510
588   340
374   464
422   250
574   510
590   340
372   464
428   250
574   512
590   340
372   464
426   250
572   510
588   340
372   466
426   250
574   512
590   340
372   466
426   250
574   510
588   338
374   464
422   252
574   510
588   338
374   464
426   250
574   512
590   340
370   468
426   250
570   510
590   340
372   466
426   250
574   512
592   338
374   466
426   250
572   510
588   340
372   466
424   250
576   510
590   340
374   464
424   252
572   510
590   340
374   464
426   252
572   510
588   340
374   464
426   250
574   510
590   340
374   464
426   250
574   512
590   340
372   466
428   248
572   510
590   340
372   466
426   250
574   508
588   338
374   464
426   250
572   510
590   340
376   470
426   250
574   512
588   342
372   464
426   250
574   512
588   340
372   464
426   250
574   510
590   340
372   466
426   250
574   512
590   340
372   470
426   250
574   510
590   342
374   464
426   250
572   508
588   338
374   464
428   248
574   510
588   338
372   466
424   252
570   508
588   340
372   466
426   250
574   512
588   338
374   464
426   250
576   510
592   336
380   462
438   246
574   518
596   342
382   462
440   248
580   514
604   342
382   460
442   248
580   514
600   342
382   460
442   248
580   514
602   340
382   462
444   248
578   516
602   340
382   462
442   248
580   514
604   342
382   464
442   248
580   514
604   344
382   462
440   248
582   512
602   340
382   462
442   248
580   510
602   340
382   460
440   248
584   512
602   340
382   460
442   248
580   514
604   340
382   464
442   246
582   512
602   342
306   420
378   212
496   484
528   314
312   422
384   216
534   318
968   658
320   424
396   214
522   492
546   318
320   430
392   218
522   492
546   318
320   424
396   214
522   492
546   320
320   424
396   218
522   492
544   318
292   304
444   456
454   206
588   306
292   304
444   456
452   206
590   308
290   308
444   456
450   210
590   306
292   304
444   456
450   208
590   308
290   308
450   460
452   208
590   306
292   308
444   456
452   210
588   304
328   302
468   446
486   142
574   306
334   304
478   444
482   144
578   302
286   272
422   422
446   126
528   288
284   276
420   422
444   126
528   288
286   276
420   422
446   124
530   288
286   276
420   422
444   124
528   288
288   274
420   422
448   124
528   288
288   274
420   422
444   124
530   288
284   278
420   422
446   126
528   288
286   272
420   422
448   124
530   288
288   274
422   424
446   124
528   288
288   274
422   424
446   122
526   290
288   274
422   424
446   124
530   288
286   272
422   426
446   122
528   288
286   272
422   424
448   124
528   288
288   274
420   422
448   124
530   288
284   276
422   424
448   124
530   288
286   272
422   424
446   124
530   288
286   272
420   422
446   128
528   288
286   272
420   424
448   124
530   288
250   254
384   402
410   108
492   268
278   276
414   418
436   120
520   284
286   280
430   422
444   124
530   284
300   294
444   432
456   132
544   294
324   326
476   162
476   460
570   320
324   326
466   160
482   456
568   308
326   326
466   158
480   458
570   308
324   330
464   158
482   458
570   306
324   328
466   156
480   456
570   308
326   326
466   158
482   458
570   308
324   328
466   156
482   458
570   308
326   326
466   154
480   456
570   308
328   328
466   156
570   308
1146   802
326   326
468   156
480   456
570   308
326   326
468   156
480   458
570   308
328   328
468   156
480   456
572   310
326   326
464   160
570   306
1096   862
324   328
466   156
478   454
570   306
324   328
462   158
480   456
570   306
324   330
466   156
480   456
570   310
326   326
466   158
482   456
570   310
324   330
466   158
480   456
572   308
324   330
464   160
480   458
570   310
326   326
466   158
482   458
570   306
426   490
542   366
604   586
690   416
426   490
542   366
604   586
688   416
402   376
440   912
586   414
852   794
400   376
586   414
710   662
132   18
402   374
558   370
688   842
416   328
480   504
586   414
850   786
132   24
402   376
586   414
420   310
408   336
508   478
312   482
446   312
552   464
318   482
448   312
472   606
556   460
322   478
454   312
474   602
558   458
1086   368
132   18
320   476
460   308
562   458
1052   392
324   472
460   308
476   596
560   450
562   912
332   464
474   598
566   460
406   392
488   562
606   294
628   466
582   450
282   572
348   366
464   636
494   472
132   18
282   526
396   338
512   470
634   914
424   592
576   332
582   518
634   878
370   412
434   594
572   330
868   808
130   22
330   492
452   306
560   448
132   18
456   296
786   696
928   468
390   346
584   256
610   438
526   214
862   804
940   930
528   240
360   356
464   518
536   234
586   832
592   410
370   346
568   258
592   440
456   330
308   378
498   262
542   436
350   358
442   538
540   260
580   442
324   370
424   546
514   264
554   448
940   928
334   356
526   254
568   436
132   18
270   414
446   284
510   460
1256   482
132   18
372   346
564   250
370   352
568   264
596   442
356   356
556   260
586   446
292   392
466   272
526   450
792   694
422   316
632   254
638   432
380   348
496   554
586   286
592   480
378   348
440   542
584   276
590   470
132   18
352   368
468   504
500   234
570   384
352   368
468   504
500   234
570   386
68   882
352   368
468   504
500   234
570   386
352   366
470   506
498   236
570   386
352   366
468   504
500   236
570   386
868   932
350   366
468   504
500   236
562   818
570   386
352   368
468   502
500   234
570   386
818   924
352   366
468   504
498   236
568   384
350   366
468   504
500   234
570   386
132   22
352   368
468   504
500   234
570   386
876   928
352   368
468   502
500   234
570   386
1052   392
350   368
468   504
500   234
570   386
880   908
1052   392
350   368
468   502
500   236
570   386
828   924
350   368
468   504
500   234
570   386
876   928
350   366
468   504
500   234
570   382
350   368
468   504
500   234
570   386
134   22
352   368
468   504
500   234
534   900
568   384
710   740
134   18
350   368
468   504
500   234
568   384
686   914
870   842
1076   712
132   22
350   368
468   504
500   234
570   386
598   680
612   848
350   366
468   504
500   236
570   386
134   22
350   368
468   502
500   234
570   386
672   724
712   646
132   22
350   368
468   504
498   234
570   386
132   24
352   366
468   504
500   236
570   386
1232   708
352   368
468   504
500   234
570   384
132   22
350   368
468   504
500   234
568   386
350   368
404   890
468   504
500   234
568   384
612   640
872   926
132   22
350   368
468   504
500   234
568   384
