456   496
566   608
728   544
936   678
454   460
560   570
604   346
724   508
508   494
610   614
668   394
776   566
512   496
614   618
670   394
780   570
480   434
562   286
592   586
726   404
432   424
502   274
544   568
672   386
454   496
520   340
582   634
694   444
496   434
574   288
606   582
740   398
486   498
556   348
610   642
728   450
550   330
596   628
722   438
904   634
494   488
566   336
734   448
914   634
434   450
512   304
548   602
678   420
434   450
512   304
544   598
676   416
430   452
514   304
546   598
678   420
434   448
514   304
548   602
678   418
434   450
510   304
548   596
678   420
434   448
514   302
544   598
678   420
432   450
512   306
548   596
678   420
436   448
510   304
542   598
678   420
434   450
512   302
542   598
678   420
434   448
514   304
544   596
678   420
512   472
620   274
700   572
756   406
510   476
620   272
698   570
758   406
518   42
762   564
848   838
962   496
374   280
556   234
660   368
850   842
414   298
592   250
704   378
1058   558
404   294
518   488
588   244
698   376
408   292
514   484
590   242
698   378
410   224
490   434
598   204
682   356
406   220
478   430
592   204
674   352
384   208
458   418
568   190
654   338
386   212
464   418
572   190
652   342
392   218
476   424
580   198
664   346
408   226
492   434
594   204
682   350
1062   660
420   234
504   442
606   212
694   364
434   244
520   452
624   218
712   368
414   230
494   436
602   204
686   354
392   216
468   422
576   192
664   338
380   208
458   412
562   186
646   334
400   224
480   428
588   198
672   348
440   248
530   452
630   218
722   366
422   236
506   442
610   208
700   356
396   220
478   426
582   194
668   346
370   202
406   586
444   408
556   180
640   332
374   210
454   418
564   192
646   338
404   230
486   438
588   202
674   352
420   244
512   448
608   216
700   358
436   252
528   454
624   220
718   366
402   220
464   432
590   210
664   366
402   218
464   430
592   208
666   364
402   218
466   432
590   208
662   364
402   218
468   430
590   208
660   364
398   214
458   426
586   208
658   360
340   164
390   378
404   586
528   166
590   322
352   178
402   392
540   176
604   334
384   208
436   422
572   208
638   364
414   232
474   446
602   224
672   384
1018   708
440   256
626   242
708   398
438   256
508   468
630   244
704   398
440   256
508   466
630   242
708   394
436   250
504   460
622   238
698   394
414   230
480   444
604   220
676   378
418   238
488   450
610   226
680   380
420   238
490   450
610   226
684   382
420   240
490   450
606   226
684   382
418   238
486   450
610   226
684   382
420   240
488   452
608   226
686   384
420   238
606   228
684   382
420   240
488   452
608   228
684   384
420   240
488   452
606   228
684   382
420   238
488   452
608   226
688   380
422   240
488   452
610   226
684   384
420   240
490   450
610   226
684   382
420   238
488   452
610   226
684   384
422   240
492   450
606   228
684   382
420   240
488   450
608   228
684   382
420   240
488   450
608   226
686   380
1120   92
424   238
488   450
610   226
684   382
420   238
486   450
610   226
686   380
420   240
488   448
608   224
684   378
492   302
604   496
676   250
790   384
558   326
672   526
744   278
854   418
568   316
688   504
750   258
866   388
568   316
686   506
750   258
868   390
568   316
692   510
750   258
868   390
568   316
686   506
750   258
870   390
568   314
684   506
750   258
868   390
568   316
690   510
750   260
866   390
566   316
686   506
750   258
866   384
568   314
686   502
750   258
866   390
564   316
688   510
748   258
868   390
568   314
684   506
752   256
868   386
568   314
684   506
750   258
868   390
568   316
686   502
750   258
868   390
568   314
686   506
752   256
866   390
568   314
692   510
750   254
866   390
566   314
688   510
752   256
866   392
568   312
692   508
752   258
868   386
568   312
688   506
752   256
864   390
556   306
668   494
740   250
852   388
542   302
656   500
728   254
840   390
532   294
638   488
716   248
822   382
508   284
620   484
698   240
802   376
492   278
592   474
678   234
780   378
466   266
568   462
652   224
756   366
460   258
558   456
644   220
742   362
482   272
582   470
668   228
768   374
496   280
598   474
684   238
786   378
504   282
606   480
692   242
794   380
430   246
528   448
616   210
712   352
432   246
526   444
616   208
714   350
432   246
524   444
616   208
712   348
430   244
530   444
614   208
714   348
434   244
524   444
616   210
714   350
430   244
526   448
616   210
712   348
432   246
528   442
616   210
712   348
432   248
530   444
616   208
712   348
406   242
502   442
590   206
688   350
408   238
502   440
590   204
690   346
406   242
502   442
590   204
686   346
408   238
502   442
590   204
688   350
408   240
500   446
590   204
688   350
406   238
502   442
592   208
686   350
408   240
502   442
594   204
688   350
406   242
502   442
590   204
688   350
406   242
502   442
590   206
684   348
406   242
590   204
684   348
1034   830
404   242
590   204
686   348
1034   830
408   240
590   204
688   348
1034   830
406   242
502   440
590   208
684   350
408   240
590   206
686   346
1034   830
372   466
428   248
574   512
590   340
376   464
426   250
572   510
590   338
372   466
428   248
574   512
590   340
376   470
424   250
574   508
590   340
372   464
426   250
574   510
590   340
372   466
428   248
574   510
590   340
372   466
426   250
570   508
590   340
372   466
426   250
572   510
588   342
372   464
426   250
574   510
590   340
374   464
426   250
572   510
588   340
374   468
424   252
570   508
588   340
428   492
544   366
602   584
688   416
428   490
542   366
604   586
688   416
426   492
544   364
604   584
690   414
426   490
542   366
604   584
688   414
426   490
542   366
606   586
690   416
426   490
542   366
604   584
692   416
426   488
542   366
604   586
690   416
426   490
542   364
604   584
688   414
348   536
466   410
526   630
612   462
348   534
464   408
522   628
612   460
352   532
466   408
526   630
610   460
348   534
464   414
522   628
610   462
348   532
462   410
522   628
610   462
352   532
462   410
522   628
610   460
350   532
466   410
522   628
610   460
348   532
466   410
522   628
610   462
348   536
464   412
526   630
610   462
406   326
522   566
546   412
1062   892
348   510
406   322
524   566
548   410
352   514
408   324
524   566
546   410
348   512
406   322
522   564
544   412
348   514
406   322
522   564
548   410
350   510
410   322
522   568
546   412
350   514
408   324
524   566
546   412
350   514
406   322
522   566
546   412
348   514
406   324
522   566
546   412
350   516
406   324
522   566
546   412
350   514
408   324
522   566
546   412
350   514
406   324
522   568
546   412
350   514
408   324
522   566
546   412
352   514
406   324
522   568
546   412
350   514
406   324
522   568
546   412
350   514
406   324
524   566
546   412
350   514
406   324
522   568
546   412
350   514
406   324
524   566
546   412
426   382
516   542
600   280
638   448
426   382
514   542
598   280
638   448
426   382
514   542
598   282
638   448
424   384
514   542
598   280
638   448
336   504
460   638
480   366
556   516
334   504
460   638
478   366
556   516
336   504
460   638
480   366
556   516
336   504
460   638
478   366
556   518
334   506
460   640
480   366
556   516
336   504
460   638
480   366
556   518
336   504
460   640
480   366
556   516
336   504
460   640
480   366
556   518
336   504
460   638
478   368
556   516
336   504
460   638
480   366
556   518
416   474
416   474
574   352
636   506
